156.5634,
293.8086,
417.6880,
540.7794,
651.3459,
747.4235,
837.0331,
932.8674,
1014.4131,
1082.9770,
1173.1585,
1252.9223,
1308.8339,
1373.8351,
1415.8381,
1526.6825,
1555.3821,
1658.4607,
1740.6269,
1808.6774,
1806.0701,
1905.0280,
1923.8671,
1983.8738,
2063.9777,
2108.3967,
2097.1473,
2182.5812,
2261.0045,
2293.5428,
2340.3847,
2419.5761,
2409.7853,
2494.4411,
2584.1870,
2617.4836,
2708.8648,
2844.0915,
2788.6806,
2843.8018,
2829.7990,
2873.7263,
2805.9377,
2919.3827,
2935.4725,
3022.9553,
2990.6143,
2976.0200,
3059.1433,
3123.1467,
3213.9857,
3314.4223,
3292.5172,
3379.6281,
3305.8032,
3601.7819,
3411.3424,
3553.3336,
3469.2806,
3454.3655,
3549.5785,
3585.0802,
3715.7881,
3654.9432,
3619.5610,
3610.1619,
3822.9198,
3847.0548,
3908.5576,
3796.3541,
3899.6754,
4062.2875,
4014.2787,
4008.6494,
3890.6130,
3879.7902,
3981.7381,
4005.5773,
4122.3048,
3844.3343,
5645.3743,
3963.0015,
4244.4366,
4308.3321,
3982.0217,
4345.2264,
4169.2678,
4211.2246,
4253.6633,
4275.6922,
4279.1659,
4340.5554,
4355.2085,
4406.5998,
4366.8626,
4278.0128,
4485.4370,
4489.0274,
4558.3912,
4384.6499,
4488.8580,
4477.5734,
4661.0042,
4592.6667,
4410.9746,
4558.2556,
4486.6593,
4782.9739,
4553.6042,
4783.8081,
4678.4259,
4881.5137,
4589.3979,
4579.7406,
4658.9882,
4739.4707,
4801.7775,
4713.1241,
4838.4053,
4869.2930,
4819.2939,
4897.9031,
4961.7985,
5486.1715,
5063.6143,
5475.6285,
5343.3764,
5397.6914,
5113.5961,
5453.6196,
5376.5815,
5313.6904,
5340.8767,
5274.1974,
5354.6756,
5458.8051,
5406.5730,
5309.6390,
5101.9475,
5651.9585,
5243.1105,
5409.6855,
5398.5405,
5549.0495,
5695.9824,
5115.9397,
8123.1717,
5467.4674,
5403.1790,
5469.0902,
5837.8590,
5769.6639,
5625.0027,
5727.8416,
5663.2459,
5526.4384,
6054.4660,
5600.5609,
5665.3267,
5690.1722,
5712.8165,
5951.2429,
5721.8791,
5584.5283,
5673.3595,
5771.8895,
6049.2641,
5775.6973,
5659.4128,
5829.0896,
5945.8228,
5710.1078,
6099.4494,
5628.5390,
6035.3896,
6157.1547,
6005.0201,
5878.0879,
5823.0042,
6333.8986,
5185.8267,
8541.1975,
5914.8021,
5916.0986,
5814.4093,
5908.5977,
5940.0399,
5908.1781,
6481.2272,
5594.3427,
6157.5390,
5901.7167,
5773.2065,
6111.9344,
6181.2201,
6105.5755,
6284.8397,
5997.8978,
6073.3732,
6155.9902,
6079.2180,
6290.4368,
6204.6129,
6176.0419,
5770.7329,
6326.2306,
6231.6641,
5969.3106,
6130.5673,
6123.7137,
5981.9697,
6008.3335,
6070.8083,
6637.2128,
5997.6173,
5933.0638,
6115.5130,
6275.9932,
6692.7846,
6162.0173,
6195.9501,
6536.8751,
6445.8943,
6076.6974,
6474.6908,
6435.3233,
6292.1423,
6346.3019,
6357.9261,
6479.7266,
6417.5526,
6231.8243,
5936.1390,
6164.7481,
6405.8777,
6357.8088,
6644.9595,
5846.2446,
6242.0074,
6605.5497,
6510.0979,
7114.0419,
6186.6676,
6408.2913,
6646.1880,
6538.5430,
6658.4971,
6254.2594,
6642.3837,
6091.6029,
6454.2300,
6638.5206,
6888.2422,
6635.8531,
6238.3715,
6519.2599,
7014.0986,
6578.9528,
6547.5691,
6622.8743,
6404.0211,
6548.1256,
6959.5698,
6312.4759,
7043.5192,
6369.5572,
6834.0397,
6338.8020,
6619.1982,
6993.2887,
6070.4901,
7262.9495,
6367.5031,
6528.9997,
7050.9082,
6220.6775,
6984.7611,
7257.0946,
6158.3250,
6630.8709,
7021.0343,
6531.5868,
6515.9730,
6648.0109,
6614.5127,
6832.9739,
6773.0963,
6706.2931,
6591.8996,
7154.2574,
6073.9997,
7272.2628,
6457.6736,
6661.2375,
6746.5337,
6869.9303,
6768.5444,
7029.8909,
6305.5299,
7193.3085,
6763.0491,
6841.4443,
6995.0588,
6508.6224,
7024.6187,
7372.1290,
6671.7237,
6614.9353,
6950.9631,
7055.6266,
7392.4716,
6927.6744,
6774.5498,
6943.3441,
6963.2927,
7002.9709,
6777.0395,
6830.2699,
6697.0403,
7370.3870,
6731.8749,
6929.6490,
7207.8186,
6568.2034,
7311.3222,
6986.7232,
6807.9253,
6464.1353,
7120.9910,
6644.7418,
6729.4997,
7105.2454,
7157.4964,
6895.7807,
7240.2975,
7190.1597,
6989.3215,
6737.3278,
6920.8633,
6596.3953,
6789.8407,
6716.9451,
6853.4006,
7506.0785,
6527.8320,
6716.9854,
7188.5342,
6728.9093,
6817.5087,
6651.7717,
6686.5178,
7149.7016,
6628.9509,
6602.5381,
7254.3268,
6993.4065,
6670.4576,
7090.2767,
6679.8470