135.2884,
254.7928,
363.3766,
471.3167,
569.0232,
654.8916,
735.4754,
821.1450,
895.1401,
958.5285,
1039.5795,
1112.1186,
1165.1694,
1225.6468,
1267.3336,
1365.2672,
1396.0844,
1487.6730,
1562.1751,
1625.1439,
1630.3818,
1718.6035,
1741.3642,
1797.7609,
1870.5780,
1914.2387,
1912.4155,
1989.5875,
2061.0314,
2094.9851,
2140.6255,
2212.6969,
2212.0655,
2288.6018,
2369.2968,
2403.8701,
2485.9012,
2603.7565,
2565.8511,
2618.2561,
2614.1832,
2657.4423,
2609.4237,
2709.4821,
2729.9965,
2808.8425,
2789.7865,
2785.2304,
2860.5144,
2920.1766,
3001.7648,
3091.1947,
3080.6654,
3159.2075,
3106.2570,
3355.4547,
3207.2242,
3330.6063,
3269.2989,
3264.4807,
3349.6427,
3386.0176,
3500.1807,
3457.8355,
3436.2946,
3435.9832,
3617.1854,
3644.2730,
3701.8921,
3617.5844,
3709.3712,
3849.6017,
3817.7442,
3820.5129,
3731.4394,
3729.9648,
3820.6296,
3847.4756,
3950.2159,
3730.4683,
5209.3768,
3842.1616,
4079.4765,
4139.0505,
3879.8066,
4183.9313,
4047.5324,
4089.1815,
4131.2241,
4156.5911,
4166.7974,
4224.3239,
4243.6644,
4293.0218,
4267.9227,
4202.6961,
4379.5403,
4389.8420,
4453.8839,
4319.2966,
4411.8081,
4409.9562,
4567.1966,
4518.7296,
4377.6461,
4505.3502,
4454.2206,
4703.6927,
4523.6544,
4719.1107,
4640.3763,
4813.6774,
4582.3722,
4581.8499,
4653.9674,
4727.0938,
4785.3698,
4720.3036,
4830.0328,
4862.6379,
4829.1542,
4900.7501,
4960.3240,
5396.1313,
5058.2489,
5402.2535,
5301.5651,
5353.3113,
5128.5592,
5413.7437,
5358.1680,
5314.1509,
5343.7317,
5296.6195,
5369.7424,
5462.1896,
5426.8815,
5355.0497,
5192.7234,
5649.4783,
5322.7970,
5466.2654,
5464.5275,
5594.8691,
5722.2889,
5255.7330,
7720.1612,
5557.6851,
5512.5264,
5573.7474,
5882.4183,
5834.0676,
5723.2403,
5814.6329,
5769.2232,
5664.8127,
6103.6061,
5740.1109,
5800.3960,
5828.0642,
5853.9339,
6056.1084,
5876.0748,
5771.2205,
5851.1682,
5939.0404,
6173.0375,
5956.8878,
5869.2457,
6015.2484,
6117.9934,
5932.7706,
6258.2505,
5880.8611,
6220.6467,
6327.5031,
6210.5696,
6114.2278,
6076.5898,
6501.3844,
5570.7200,
8319.5952,
6181.0660,
6189.4935,
6113.7763,
6198.1012,
6231.1592,
6212.4947,
6688.0728,
5970.8117,
6438.3396,
6236.6881,
6139.0569,
6423.1828,
6487.1609,
6432.7237,
6586.5597,
6359.4819,
6428.5172,
6503.3876,
6448.0291,
6627.9736,
6565.2193,
6549.2435,
6225.4538,
6686.6916,
6616.7942,
6409.8063,
6548.9293,
6550.6978,
6442.2540,
6471.1627,
6529.5759,
6999.7251,
6484.5115,
6439.1362,
6595.5746,
6734.0631,
7081.9709,
6655.6755,
6690.7684,
6976.6895,
6909.7218,
6615.4374,
6947.9863,
6923.1892,
6813.5713,
6865.1906,
6882.0563,
6988.9416,
6945.5105,
6801.1293,
6566.9076,
6761.0609,
6965.4442,
6933.5377,
7175.5224,
6530.3002,
6861.0266,
7165.4271,
7094.8063,
7595.6272,
6845.2838,
7033.7297,
7235.4715,
7154.8883,
7260.2650,
6937.3505,
7261.8358,
6819.1884,
7122.8411,
7280.7840,
7492.1873,
7293.3409,
6975.9465,
7212.8146,
7624.4910,
7276.3231,
7258.0492,
7326.9455,
7155.4996,
7280.6084,
7624.1472,
7102.8070,
7707.4744,
7164.1817,
7551.0555,
7153.7895,
7390.2554,
7703.2744,
6956.6696,
7938.3372,
7214.0806,
7353.3995,
7787.1933,
7116.2211,
7747.8841,
7977.7625,
7087.3805,
7480.8425,
7806.9938,
7414.4587,
7409.0696,
7524.3194,
7504.3178,
7690.1798,
7648.6250,
7601.4116,
7515.3144,
7982.1573,
7106.9005,
8093.3100,
7435.1177,
7608.8079,
7685.8673,
7794.0567,
7718.5875,
7939.4889,
7355.0177,
8087.7457,
7743.5702,
7814.9913,
7947.8702,
7557.7953,
7986.7584,
8278.0601,
7713.1617,
7674.1310,
7956.0508,
8048.9343,
8331.5218,
7959.1272,
7841.3849,
7986.6665,
8010.3337,
8050.1209,
7872.8918,
7923.7519,
7822.2647,
8379.7911,
7865.4627,
8034.4223,
8269.0690,
7753.8393,
8368.3730,
8110.5274,
7971.8087,
7698.2831,
8242.3355,
7860.5841,
7937.2037,
8251.5751,
8301.6349,
8095.1681,
8384.0239,
8350.4270,
8193.7002,
7995.1768,
8152.5027,
7894.7642,
8060.1870,
8007.9958,
8126.8550,
8667.4939,
7875.5854,
8037.5014,
8430.1487,
8061.9801,
8141.7385,
8013.6912,
8049.4487,
8435.2613,
8017.1499,
8002.9375,
8542.8499,
8337.0331,
8080.5357,
8430.9172,
8102.9436
