168,
315,
448,
580,
698,
800,
895,
998,
1084,
1157,
1253,
1337,
1396,
1465,
1509,
1627,
1656,
1766,
1854,
1926,
1921,
2027,
2045,
2108,
2193,
2240,
2226,
2316,
2400,
2433,
2482,
2566,
2554,
2644,
2739,
2773,
2871,
3016,
2954,
3012,
2994,
3040,
2965,
3086,
3102,
3195,
3158,
3140,
3228,
3296,
3393,
3500,
3474,
3567,
3485,
3804,
3596,
3748,
3655,
3637,
3738,
3775,
3915,
3847,
3806,
3794,
4023,
4048,
4113,
3989,
4099,
4274,
4220,
4212,
4082,
4068,
4177,
4201,
4326,
4022,
5975,
4147,
4451,
4518,
4162,
4555,
4362,
4405,
4449,
4471,
4473,
4538,
4552,
4606,
4561,
4463,
4686,
4688,
4761,
4571,
4682,
4668,
4865,
4789,
4590,
4748,
4668,
4988,
4737,
4985,
4869,
5088,
4768,
4756,
4840,
4926,
4991,
4893,
5027,
5059,
5003,
5086,
5154,
5721,
5261,
5706,
5561,
5618,
5307,
5675,
5589,
5519,
5546,
5472,
5558,
5669,
5610,
5503,
5276,
5871,
5425,
5604,
5590,
5752,
5909,
5278,
8540,
5655,
5584,
5653,
6052,
5976,
5817,
5927,
5855,
5704,
6276,
5781,
5849,
5875,
5897,
6154,
5903,
5752,
5847,
5952,
6251,
5952,
5824,
6006,
6131,
5873,
6294,
5781,
6221,
6351,
6184,
6044,
5983,
6536,
5287,
8928,
6075,
6074,
5962,
6062,
6095,
6058,
6678,
5714,
6323,
6044,
5902,
6268,
6341,
6257,
6450,
6137,
6217,
6305,
6219,
6447,
6352,
6319,
5877,
6478,
6373,
6087,
6260,
6251,
6095,
6122,
6187,
6800,
6104,
6032,
6228,
6401,
6851,
6273,
6308,
6676,
6576,
6173,
6603,
6559,
6401,
6458,
6469,
6599,
6530,
6326,
6003,
6250,
6510,
6456,
6765,
5896,
6324,
6717,
6611,
7265,
6256,
6495,
6752,
6633,
6761,
6320,
6740,
6140,
6532,
6730,
6999,
6723,
6290,
6593,
7128,
6654,
6618,
6698,
6458,
6613,
7058,
6353,
7145,
6411,
6914,
6374,
6677,
7081,
6077,
7370,
6396,
6569,
7134,
6231,
7059,
7352,
6158,
6669,
7090,
6557,
6538,
6680,
6641,
6877,
6810,
6735,
6609,
7218,
6043,
7342,
6456,
6675,
6766,
6898,
6786,
7068,
6280,
7241,
6772,
6856,
7021,
6491,
7049,
7424,
6662,
6598,
6961,
7073,
7437,
6930,
6762,
6944,
6963,
7005,
6757,
6813,
6667,
7396,
6701,
6914,
7214,
6517,
7322,
6968,
6772,
6397,
7108,
6589,
6679,
7085,
7140,
6854,
7226,
7170,
6950,
6674,
6872,
6518,
6726,
6645,
6791,
7498,
6434,
6637,
7147,
6646,
6741,
6559,
6595,
7096,
6528,
6498,
7204,
6918,
6566,
7020,
6572,
6776