103.9465,
202.3755,
296.9872,
391.3738,
482.1831,
568.8543,
653.6783,
740.2800,
822.8008,
901.6138,
986.6011,
1068.6129,
1143.8124,
1221.6079,
1292.8350,
1383.7237,
1451.1512,
1539.8220,
1622.5200,
1701.1864,
1759.6724,
1847.1662,
1911.7775,
1988.1465,
2070.2555,
2142.1726,
2198.1903,
2281.8216,
2363.4505,
2431.9744,
2504.5835,
2586.4318,
2642.8661,
2726.2752,
2811.1380,
2879.8785,
2965.2083,
3063.0609,
3106.4657,
3181.4394,
3236.6707,
3308.4473,
3348.3170,
3439.9485,
3503.7745,
3587.9909,
3637.9847,
3693.0471,
3776.0184,
3853.5290,
3938.7040,
4026.6202,
4079.5945,
4163.7048,
4201.8504,
4345.6151,
4350.4545,
4450.2391,
4485.4634,
4540.4342,
4626.8585,
4696.2287,
4792.7906,
4834.6434,
4883.7686,
4940.3147,
5060.3109,
5126.4347,
5203.2310,
5230.4154,
5319.1554,
5424.8295,
5470.3484,
5527.9712,
5553.4896,
5609.6292,
5697.9770,
5764.0163,
5856.5853,
5836.4252,
6410.0483,
5988.7788,
6128.3897,
6205.8695,
6171.9030,
6334.8680,
6343.8434,
6415.0572,
6486.4087,
6551.9310,
6612.1537,
6688.9177,
6752.3334,
6826.2418,
6874.1232,
6907.9775,
7026.4503,
7086.7064,
7165.7479,
7175.3565,
7264.3499,
7320.3575,
7431.9776,
7471.6904,
7479.0282,
7580.3235,
7619.1056,
7762.9663,
7756.6870,
7881.6658,
7910.7984,
8028.0326,
8003.8324,
8060.3049,
8142.1693,
8224.3864,
8301.4124,
8335.3229,
8430.3349,
8498.3873,
8543.3377,
8625.0198,
8702.4995,
8911.4956,
8850.0402,
9026.9457,
9048.4040,
9123.1474,
9101.2380,
9257.5823,
9294.8102,
9336.0785,
9403.0738,
9443.2603,
9525.4762,
9614.4471,
9658.7598,
9690.3052,
9690.2173,
9906.5358,
9848.9959,
9955.8018,
10011.8494,
10114.0666,
10215.2626,
10108.8280,
11026.9500,
10327.6886,
10368.5579,
10446.6134,
10611.1675,
10650.9210,
10668.8352,
10757.4375,
10798.2190,
10818.3762,
11028.4161,
10958.0075,
11035.7358,
11102.0625,
11167.7606,
11295.0878,
11288.8102,
11308.8122,
11393.4138,
11480.7855,
11619.2367,
11600.3343,
11626.3530,
11734.0448,
11826.6154,
11818.5238,
11988.9538,
11913.6883,
12089.1190,
12183.1268,
12198.9065,
12221.8842,
12265.3824,
12470.5289,
12201.8603,
13219.4137,
12528.5232,
12588.1241,
12618.3114,
12704.4430,
12772.6538,
12822.7845,
13045.6828,
12851.6116,
13071.6960,
13057.8615,
13080.3885,
13236.3628,
13315.3820,
13353.0079,
13463.4379,
13440.7154,
13521.5025,
13604.3292,
13641.6331,
13761.1896,
13795.9082,
13846.9787,
13790.4496,
14008.3351,
14040.5568,
14024.8570,
14130.1439,
14187.4171,
14206.1644,
14272.9248,
14349.9987,
14570.9994,
14447.5560,
14488.3496,
14599.6893,
14704.7544,
14883.0243,
14790.6632,
14859.5853,
15016.1870,
15049.4328,
15003.2176,
15176.1186,
15224.1055,
15242.4424,
15317.1415,
15379.6921,
15473.7100,
15515.1832,
15521.3682,
15496.1485,
15620.6719,
15748.7712,
15794.2730,
15935.5163,
15766.6271,
15938.8910,
16101.9524,
16133.9212,
16365.6434,
16160.0079,
16282.5362,
16409.7122,
16438.1985,
16531.6890,
16475.4659,
16645.5481,
16547.4710,
16710.2711,
16822.1367,
16952.6900,
16939.8361,
16885.5425,
17024.9973,
17225.5581,
17160.5074,
17210.7745,
17291.5130,
17288.2373,
17388.6254,
17565.3680,
17439.7830,
17707.8059,
17574.5472,
17766.4380,
17684.2245,
17823.5387,
17989.6128,
17785.2842,
18185.0915,
17988.5749,
18093.9304,
18302.2226,
18124.3321,
18401.7916,
18538.8031,
18284.2156,
18478.4094,
18649.0741,
18568.5143,
18623.2855,
18720.2273,
18769.8905,
18891.5155,
18933.6446,
18973.7957,
19000.3545,
19220.1994,
18970.8991,
19372.3640,
19198.9409,
19316.3112,
19399.9031,
19494.3769,
19524.6508,
19658.5243,
19510.8711,
19823.6590,
19760.0038,
19841.6248,
19944.7290,
19865.0292,
20071.6329,
20230.1154,
20089.3042,
20132.3156,
20287.5187,
20376.6421,
20532.0786,
20458.5591,
20474.0560,
20581.4958,
20646.4239,
20716.9870,
20711.6896,
20786.1233,
20807.3024,
21058.8467,
20935.7127,
21051.4294,
21190.1076,
21066.6586,
21338.1304,
21304.6527,
21312.8171,
21273.8584,
21520.6927,
21443.9024,
21527.3406,
21693.8875,
21768.0414,
21752.5238,
21910.1514,
21955.0622,
21956.9317,
21944.1908,
22055.8407,
22022.4005,
22136.8808,
22175.2918,
22273.4953,
22519.1364,
22298.9714,
22412.2258,
22606.1349,
22534.0927,
22618.6280,
22630.5227,
22699.6772,
22891.1971,
22801.6968,
22853.3837,
23098.7708,
23083.4804,
23050.4740,
23229.6086,
23171.6169
